6.4574447	0.511817
3.0970507	1.2090921
6.6726394	2.4916246
1.4245175	3.173141
6.356944	0.20424977
5.809518	1.4947919
5.964888	2.6448104
6.2193217	0.5322289
3.8893595	0.14628659
4.9144197	1.9370123
0.48664021	0.09037037
1.2391765	2.8684556
5.30903	0.3684988
6.5508065	0.73441565
1.2177757	2.8310173
2.9171257	3.009836
3.1269932	2.846871
6.1327534	1.9064152
6.0382695	0.61600095
3.3484416	3.1007257
1.1067686	0.5473871
4.1856894	1.314588
0.6301286	1.4030497
2.0316021	3.071164
3.024799	0.027907563
1.3962344	1.2636656
3.7604547	2.0028427
0.09180794	3.161434
4.6277885	0.38923016
6.591853	2.8810346
6.1405478	2.4432275
2.686382	1.1585749
3.0976903	1.1828564
0.2107969	0.114291005
5.290776	2.8560104
6.3417697	1.0922145
3.2261162	2.1986082
2.3794274	0.72703075
5.488155	1.8547763
3.3347414	1.9277016
2.0034552	1.6708612
1.3831732	2.5136719
1.5333788	0.8378235
4.105811	0.68516254
0.6439955	1.1577939
1.0989919	2.6947365
6.1462994	2.2159183
1.8807471	0.4037119
0.79687786	1.1636661
2.0513732	3.0946445
4.4836087	0.030199243
0.77647203	0.26068193
2.6336985	1.4897795
6.160541	2.8446925
5.5697618	1.9911937
6.0805078	1.3463643
5.4571257	1.9153804
1.1706558	3.1945183
0.9419267	0.6355225
1.5185461	1.4853696
4.840879	2.5254068
3.5774772	2.355982
2.3320227	1.6625048
5.1625843	0.08635006
4.489963	0.017596437
6.619055	1.7440064
5.143672	2.778492
3.9824755	0.4924429
0.40104043	1.8370981
3.74969	2.5195584
4.829156	2.9423888
4.9066324	1.0954272
1.106362	2.8023603
2.3865256	2.9805715
4.631229	2.5714433
2.8330028	1.1672035
6.0006766	2.6016884
5.199781	1.087233
2.7269137	0.43201524
5.719335	0.95284003
4.379063	0.7554911
4.0117707	0.6486864
3.395166	1.0056485
0.08214734	1.6600405
4.8546433	0.3548603
2.476507	1.6388298
4.0275583	1.086413
2.1466842	0.7705315
1.0786501	2.3027544
5.7308083	1.5495049
0.81090486	2.2310913
5.3155637	1.9894736
5.951333	1.8996792
5.7394905	1.6300042
4.33301	2.0494208
2.3616798	1.9396418
6.3907137	0.631386
5.3013477	1.7024513
4.9974885	0.98722094
4.801344	1.3977339
5.817207	1.9317315
0.43927467	2.3832235
1.3808727	2.220866
6.6665072	0.6607973
1.0156436	1.7094679
1.7670313	1.9812222
4.124998	1.34718
2.5703342	2.9213862
1.1522493	0.54336166
1.6067699	1.8844146
6.429892	2.1184688
1.348252	0.7206888
5.8526382	0.26565439
5.92561	0.48670006
4.497201	0.938011
0.2570182	1.8394871
5.187913	1.5695152
5.3661695	2.4477727
5.77142	1.7969754
5.527221	0.7774374
3.1694682	2.4917524
2.9651089	2.1192853
1.1359708	0.39933833
1.7900348	2.661785
1.919103	2.9376788
2.3853843	2.1112373
4.1434417	0.9870144
6.336924	2.8172514
6.4595804	3.0306504
5.6320477	0.21313877
6.694058	2.643027
1.5213951	1.3194574
5.261779	0.584424
2.078067	0.22512817
4.7237267	0.016181564
0.27478504	2.8448703
4.888085	0.612101
4.795786	1.0948395
1.0227644	2.4763181
4.4834533	1.220888
4.287725	2.7010539
4.471286	0.49645025
6.4786706	0.87485236
6.6626472	2.4702995
6.328201	3.098854
6.77304	0.028957367
5.4210935	3.1509404
6.7627044	1.4349831
5.788061	0.67084754
1.152908	1.9513584
6.1443853	2.1892176
2.456123	0.8543331
3.4897165	2.3056421
1.6766484	0.21303844
4.4929214	1.2006998
1.67946	1.664526
6.317044	0.66041034
0.012762452	1.0782883
0.6166058	1.8640496
1.3418639	0.87536603
2.1410313	2.1535165
1.1526445	0.8845051
4.6387773	0.13004322
4.3624773	2.2720723
6.367735	3.0276225
2.1916316	0.41425115
0.82596993	2.7576919
5.3618097	0.17999554
0.5263352	2.1220348
6.7696924	3.0019708
3.1087675	2.3161013
0.6075888	0.8208813
4.2310886	3.108691
4.152151	0.4367922
1.8752394	1.5517769
1.0034724	2.579911
1.1794972	1.9618025
3.2249553	1.7634665
3.6432292	2.8867052
6.4094105	0.19339047
3.990026	1.3468024
4.2856646	0.42411384
5.515019	2.5781703
3.3953257	2.857573
2.0362158	1.6298622
4.2304587	0.024085237
5.6276608	0.53688335
4.655177	2.5497253
5.800057	1.9248775
1.969109	2.745861
2.3345408	3.1656406
4.3463597	1.243183
3.8460004	0.0104377745
3.844009	0.67553675
4.1884975	2.6463308
3.1697824	2.5887504
2.70801	2.2649274
5.8859797	3.047074
6.344077	0.26875803
1.268864	2.2254395
4.5855474	3.1835275
0.50872725	0.85011786
6.356298	2.860358
4.4010687	0.77415794
3.1604414	2.1565106
2.125452	0.78780174
5.1255326	1.741516
0.12349682	1.1585848
0.8750629	2.603851
4.3652673	2.0115979
2.122897	2.8968158
5.1344438	0.38809776
4.8532724	1.2767928
4.2737103	1.4008812
3.2278018	0.8181824
2.8257117	1.328241
4.499111	2.7526464
1.3007762	2.7955158
0.91908944	0.7414946
3.52588	1.0748442
3.674227	2.664708
3.4115531	1.3303807
4.9834256	1.1638769
4.8525953	2.5385346
2.233534	2.6248198
5.298657	3.061394
0.9394142	2.594504
6.042361	2.3370023
0.7896325	2.1117198
4.8323336	2.413206
2.2231338	1.4573735
3.2891843	2.2830093
6.4800186	2.6139445
5.953204	0.41936418
5.2405896	1.5301266
1.3988312	2.4467542
6.62714	1.8316859
6.794303	0.46637365
0.06482027	2.8686306
3.6533244	0.16183034
5.9098625	0.3576149
0.51316744	2.893708
3.0401726	1.0326468
6.2807274	1.4346437
1.4059294	1.1723236
2.7214105	2.542443
0.053523827	1.1935475
1.938127	0.20777492
1.0185124	0.705649
2.3183098	2.1858122
6.3419967	2.37066
3.741133	1.6184005
3.9659674	1.130777
1.5666339	0.11561775
4.4289684	3.0084476
1.6110958	0.18351327
5.192427	1.7736444
0.7930193	3.1990368
2.5149589	0.37235624
4.8616366	3.134302
1.1478692	2.6357849
1.5518923	2.2610087
4.9972305	0.4067877
4.6089783	2.5126798
2.3898315	3.044385
6.261042	1.4879982
4.7517095	0.9642792
3.565945	2.3335764
1.6749372	1.7589511
3.7986095	0.08956108
3.3830974	2.880595
5.4674067	2.3072302
3.8369317	2.279599
1.7453905	2.6947663
3.2338147	1.036065
4.175317	1.7063435
4.1889353	1.817617
4.4629893	0.10114556
2.3396726	1.7091277
5.8243947	1.5535914
1.0411357	0.004569435
6.417504	2.8344755
2.3299496	3.193654
3.794887	2.3955946
3.9911575	2.3318338
0.89006793	2.5183146
4.691798	2.217267
0.23674494	0.120097354
1.722864	2.3280954
1.4597046	2.692849
4.453688	1.1634825
3.7199268	2.3637114
1.5403624	2.397938
1.4005988	3.0632207
3.7898502	0.8661316
1.548439	1.4482158
3.7674954	0.8603056
1.2050283	2.3981388
0.10744689	0.41014767
3.351122	1.6740252
4.659124	2.4412267
2.8248386	1.4402014
5.4504747	2.5384197
5.7500615	1.1900638
1.9990163	2.090822
3.3184843	3.029978
4.939152	1.730052
6.6079164	1.1499127
4.500173	1.9102377
3.5972984	0.5865267
0.66082406	1.3809786
1.9683313	1.4547112
1.876942	0.18977776
2.2838063	1.3276491
2.7381842	1.1835225
4.528994	0.6739338
2.224284	0.87512666
6.3265133	0.7538096
0.42285633	2.9671
5.724798	1.3257748
2.3180637	2.394183
0.5597645	2.7602642
1.7971764	2.9279072
1.4489509	0.98950654
1.8412731	1.4926493
6.2539034	2.8825834
1.0142603	3.1410425
0.102761485	1.5128002
6.7445846	2.5421457
1.0700871	2.2213607
5.7662077	0.71414816
4.240234	0.86762065
1.965668	2.9002445
4.515782	1.3325405
1.242571	2.9072797
4.361486	0.9989342
0.76021457	0.71744233
0.39107138	0.8104107
1.0259753	3.0093305
4.609393	1.5010929
0.5386149	3.1017177
5.22258	1.2309376
4.5690346	1.9269753
1.6367642	2.7473843
6.555781	1.3669395
3.700933	3.1637452
3.1064966	1.5077082
6.5367246	1.9888579
1.067581	3.0070264
4.669335	0.5016621
1.8787858	0.384186
3.0668983	1.529169
6.245914	3.0533693
2.6549609	1.39739
2.3779044	1.1927079
3.0483525	2.5728009
3.83542	2.1886687
3.0915296	2.2374654
0.3739032	1.3842887
3.7831573	1.3346564
4.038381	0.20595323
1.8505425	0.5243189
4.5399003	0.51240677
5.4098287	1.0896282
1.2303566	2.3171716
3.0803204	2.2778578
2.5659025	0.44713554
2.7037737	1.8313916
2.4376168	2.0313816
4.446119	0.20861855
2.7364292	3.0309885
5.1302934	0.9002768
4.8484626	3.0381806
1.271231	0.055170633
4.2442303	0.6574362
1.3705437	2.9307144
2.5840268	0.9476404
5.198133	2.1190681
5.4221325	1.9186763
2.466281	1.3593634
4.520173	1.453653
2.0203717	1.5712782
0.3973229	0.03486481
0.76709396	0.5256638
4.530617	2.9031923
0.0800304	0.9446335
1.0071511	1.04264
5.6142106	0.28717214
5.9124203	0.7696509
1.8822432	0.1674879
3.3627863	0.8863953
3.1578717	1.6626743
5.3585153	2.3440084
2.9473853	1.1343746
0.4068307	2.8213837
1.6806432	0.3066822
2.657935	2.4732363
4.2031913	1.5500916
4.383272	2.1033623
0.4869304	1.8095592
1.532946	2.9909515
0.2132008	3.024268
1.1229	2.6051056
4.2193594	2.1081328
5.863285	2.000968
2.444574	0.33408222
1.8445987	0.16574879
0.5755627	2.082284
3.6012247	0.790012
0.59745485	2.0134413
3.782679	1.3445383
5.024317	0.50362915
3.947213	2.2615
1.7497014	1.7675349
3.5726867	3.016201
1.2578512	1.093028
5.0343275	2.997893
5.5149508	0.45232603
2.9628844	1.1107622
6.3675575	3.1342862
6.2608323	2.5747802
0.36861265	0.6991499
0.6658739	0.96626836
1.0931975	2.4820359
5.113605	1.3654495
6.1655393	0.7052189
5.0245905	0.02849846
5.5711236	2.892412
6.041249	1.3903534
3.854754	0.2514637
0.4391632	2.7973711
0.9948888	3.1957583
3.864199	0.5814776
6.290765	3.049761
4.985909	0.78537637
2.702042	2.3212302
5.9501624	0.7472639
3.847618	3.0622194
3.7569776	2.8189945
0.4137684	1.9737803
4.336727	2.339356
3.2610126	0.8758305
5.7589545	2.8796785
1.8794469	0.25464097
6.349023	1.2380589
4.555406	1.556405
4.1309714	1.4466099
0.21607283	1.1070408
4.8387938	2.9890382
4.6572065	1.6463484
1.5776507	0.7690617
5.582894	2.1595218
0.9622928	2.6393955
4.9517784	0.9114525
6.0594764	1.0618206
5.694492	0.92983913
6.217898	2.736898
2.811124	0.48249856
5.5429463	1.2827557
3.0509355	1.2430662
5.880383	0.57174855
2.800755	0.37810498
0.58512807	2.1172366
4.4515243	0.10813198
6.597286	2.755924
1.4683973	0.4358631
5.712001	0.85973626
3.1590204	2.987664
6.753824	2.3507192
6.723826	0.2194439
0.94724727	2.8485734
4.394182	2.786619
5.266335	2.5687687
0.03825128	1.50997
1.0578994	1.5753775
0.66576886	0.17581692
3.1302369	2.7924457
3.4233375	3.1305828
4.9055347	0.35648137
1.1791114	2.4571168
5.1269994	1.2661461
5.794053	2.8937554
5.1264668	1.7190787
4.416704	1.4675963
4.1856604	2.3356164
5.6762176	2.2015238
3.6116421	1.2205962
4.547191	2.810724
4.7979097	0.52308255
3.2887251	2.8694415
2.1167357	3.0853689
6.194485	2.9931388
1.801805	0.24258308
2.4120927	2.6856794
2.205178	2.6083205
3.0866706	2.2362723
0.3776734	1.7755202
2.3490899	0.85732573
5.0116367	1.1409863
1.8047135	1.2226807
3.0407927	2.0420768
1.0898788	0.8365572
5.4107213	1.6408297
0.26390973	0.6275698
4.968941	0.31976852
2.1132112	0.4599865
6.685467	1.830438
0.8863747	2.1766324
1.7689395	1.1760238
0.686884	0.6751091
4.712391	1.9788055
4.660786	1.5619307
0.5648017	2.2973123
2.674785	0.36840135
4.214709	0.78253156
4.435973	2.038191
2.0811532	1.2129662
0.5145082	3.1502452
5.3825464	0.19039516
1.857828	2.9124963
3.799068	1.7274659
0.39865556	2.3924801
6.318751	2.2803857
5.5344305	1.4309924
3.8775024	1.7905798
2.1745858	2.15501
4.1411767	2.4638975
5.1021366	1.7568432
0.36202148	2.7503834
6.671506	2.6785119
3.557082	2.5574186
2.4657998	1.2243017
5.4435205	0.24979745
4.4704447	0.26092568
6.722536	1.4276758
4.799163	1.8443816
0.983168	0.24291801
2.3517945	0.17602539
5.0095143	0.3818102
1.5168673	2.1282444
4.785808	0.92303145
6.3867345	0.23299542
6.3255987	0.4397976
5.7673993	3.0850425
4.3825746	2.3698337
0.28299868	2.816565
2.0660057	2.691942
2.0466995	2.3415751
3.5744944	2.438999
0.9520976	2.787875
2.024885	0.7098991
2.8950455	1.3217539
1.0923504	0.23286763
2.3342235	3.0668786
0.45263496	0.2453146
5.7151985	1.114485
5.6441255	1.4066476
5.698736	0.25770378
1.9182279	1.8157797
5.9377203	1.8492066
4.149827	1.7801465
6.3322425	0.919022
4.920299	1.043441
5.059728	0.88895017
3.7045326	0.44068414
0.33294037	1.4221061
5.0880427	2.9772189
1.4962705	2.941407
5.9640083	1.5384506
2.349032	2.7798753
5.922692	2.0952156
3.5088773	1.4791178
4.0132504	2.8912044
4.3306446	1.97085
5.752655	2.8495228
0.31374806	2.4505222
0.3568489	1.7308336
1.5088603	2.3225741
5.7101264	1.6812598
5.0224137	2.954231
4.4610476	3.0399225
5.2720656	1.4596735
3.4842603	2.7992964
0.13061206	1.3395112
6.4809265	2.742091
6.1789975	1.3623558
0.5657696	1.4817475
1.6465013	2.6865938
6.422128	0.52550566
1.2294949	2.021776
5.0700674	0.22494201
2.037225	1.2110472
5.8150635	0.09458008
2.1081002	1.619318
0.810838	3.1302018
2.573239	1.6270746
6.4205675	1.360507
0.6223008	1.6974701
5.2931952	0.884384
2.3626962	0.09522801
4.3394666	0.29689485
0.376346	1.430592
1.9053346	1.3557724
0.3935778	0.47064877
3.76455	0.70240194
1.4532038	2.4445016
3.609883	3.1925216
6.2391458	1.1585753
5.291951	1.5278876
2.3213706	0.27443105
5.2708735	2.276488
3.1326923	2.37448
0.79996026	0.94122523
0.73989105	2.49153
6.5995774	1.0509061
1.8804407	1.7968234
6.006798	1.1185461
0.30407164	1.9687117
5.562166	0.20598565
3.9568524	1.2910413
1.3349055	1.0663099
5.0560293	1.0972754
1.7644535	1.3721465
6.314476	1.7739977
4.8378215	2.99422
6.4783463	1.8063484
5.613726	0.7362148
0.14087415	2.9787748
0.8867172	2.874628
1.1957406	2.9778287
5.5549436	2.061541
2.6080537	2.6702805
5.8672023	2.2397
1.4288194	1.2901253
6.388354	2.6586223
4.5852003	1.752791
4.903002	0.3832325
4.0755982	0.8646254
4.597824	1.8184346
5.123433	0.5011675
4.0016456	1.5496473
2.2406297	2.1294374
2.5539708	2.4863088
1.6716737	0.038105965
4.0083036	2.8083
1.4882175	1.8555845
5.2034297	1.9198039
1.4455998	2.970413
2.7574377	3.1268773
2.465332	2.3614511
2.4153569	2.9396653
4.947079	1.7879183
0.22793913	1.4732774
4.621488	0.8219099
6.7285585	2.5485685
4.1193333	1.2192631
3.13595	0.39099082
0.546981	2.2591743
4.2273574	1.1579851
1.8234977	1.229426
3.0405674	3.0086277
0.15752272	0.13305835
1.6716245	0.22912788
5.0351224	2.734479
5.6911645	1.0598605
1.772458	2.8889425
5.416126	0.39955217
0.58454806	1.9996808
4.2110567	2.4056776
2.6653793	2.9623682
5.0766273	0.1326273
1.0029954	2.4776502
1.5907755	1.9664665
2.9101045	0.1798191
0.5349578	0.19270554
2.2865744	0.13398229
3.255214	0.6870697
6.501619	1.0358555
1.9224921	0.21444683
2.3533328	0.4982937
4.9724336	3.1735861
4.4007215	0.56741065
0.28128543	0.7003819
0.64384234	2.769312
0.68793416	3.1563108
5.332765	0.88667125
2.0743568	0.9464199
6.1037116	2.2932463
3.796696	2.5488312
1.4650033	1.8745927
3.6013868	0.2606333
5.886808	1.6253046
0.30633897	2.1889272
4.2937236	2.2777255
6.47335	2.4062767
5.3308616	2.9748428
0.4982382	2.3625412
2.391458	2.2916539
6.2093835	1.065622
1.8825167	0.32526055
2.2594597	0.52771777
5.896227	0.05497265
2.7414417	2.4868155
6.0867786	1.910384
2.636902	2.6710253
1.5688922	1.9183512
1.3470762	0.34159166
5.906204	0.21969472
4.356032	0.64461154
0.101364374	1.4938635
1.277913	1.1872984
4.498071	2.4953957
2.2501276	1.8476568
6.5275073	0.530381
5.111197	2.7923155
0.95314896	0.5749275
3.5619607	1.7316236
4.270268	0.8014593
2.2240188	0.7495764
0.7875922	0.52317333
4.7083454	3.0243192
2.3526766	2.4327629
4.374618	1.2685206
1.7798542	2.5892131
4.9390287	1.8834158
3.2069976	0.43671113
2.9723997	1.8014387
6.2574296	0.6131191
6.3748827	0.4057028
3.735472	1.6626385
5.8281064	1.4257883
0.7636054	1.0989056
6.176392	0.6339564
1.6077155	0.111402325
1.197806	2.86969
0.972304	1.7603658
5.6719465	0.21895562
6.6239886	1.6039833
5.969164	0.53343314
3.7694817	3.037168
2.3664439	1.009783
1.730186	3.1342566
4.485701	1.8254532
5.5824513	2.6691904
4.654255	0.6611822
6.739542	2.2767348
2.7645288	0.99685574
0.71386963	0.507716
2.976595	1.4623663
6.397681	0.96070784
4.9353	1.8242005
4.02504	1.5327176
0.6918645	0.007296562
2.3217933	1.3628314
1.4128944	2.3558738
2.813553	3.136104
0.2685481	0.84207577
6.351344	0.01083641
1.2136103	2.7030084
6.3431954	0.9214104
3.5637698	0.4407259
2.1668725	1.4316677
2.3344133	2.7215297
1.4094342	1.5610482
0.11661058	1.9762459
1.0650823	2.0179677
2.6370392	1.1975415
5.3616843	0.44285223
6.16383	1.5694659
0.5225504	0.6274643
2.0135431	3.0138743
4.15395	0.3282898
3.4766235	0.21384601
1.8370416	0.37043533
5.9571185	1.7412624
4.25833	2.2353165
1.9205872	0.7899874
4.5045347	2.4810493
5.021802	1.7632264
0.051252868	0.049497224
5.257061	1.6992495
1.6717328	1.3090096
5.2269297	2.0093677
1.3702195	0.7576252
0.9325397	2.461495
4.1979427	1.3085552
6.4469905	1.037411
5.739204	1.4887066
4.2438674	1.7376053
0.16687165	2.8424878
1.6247678	1.3699493
3.8737574	2.737797
5.3204303	0.2530367
1.70802	2.8595314
0.85544986	0.05747204
0.3022587	2.6388025
5.83059	1.614312
3.3189888	2.6439495
2.21163	1.2048863
0.87763864	2.3429854
1.198114	0.22596645
6.3241644	3.0769672
0.8139127	1.8643624
6.404293	2.2505367
1.005371	2.2310927
1.4618815	1.3901777
5.099072	2.0629585
4.9678006	0.6332035
5.9635715	2.6142557
6.661314	2.2317324
2.0975106	1.5991108
6.0304413	1.676586
1.9463679	0.121170044
5.0519614	0.80674076
4.204005	0.20769043
0.94340974	2.3613403
0.51161796	1.8651594
0.34277365	1.2939297
4.4105015	2.5589654
6.4270034	0.8931509
5.477152	2.6060457
2.114565	2.8812408
0.86699593	2.9224193
2.5829563	0.7819641
6.0698876	1.3027319
0.28852713	1.8036623
0.9462814	1.3920122
2.3284876	1.3615903
2.1336598	2.8563793
2.0652895	1.5072256
4.510631	2.7350903
5.17951	0.3314173
2.6596422	1.1766939
6.373109	2.5037146
1.413238	2.992773
3.8608496	0.39259797
0.6942538	0.41946927
5.920416	0.22126389
6.2145014	1.9252805
4.0842066	3.0416975
6.682971	2.8591535
0.91709286	2.7966483
5.2530136	1.6612772
2.009987	0.87541693
5.724454	3.175836
3.0104787	0.895686
5.9833794	0.27594492
6.3970203	0.55062926
1.2379484	2.3516748
0.9762627	1.4888114
6.6777363	0.28811112
3.6445615	0.23459224
2.9879065	1.8874054
0.8110496	1.8494867
6.185149	0.63239425
5.4438934	1.5708255
6.0633054	1.4652033
4.8925242	2.4837613
6.052783	2.5279453
4.5821967	0.076764874
2.4751515	2.0997953
1.0047966	3.0398946
0.93504536	1.2309948
4.9792795	0.67993563
4.5141788	1.835337
5.4706244	1.4876032
3.8516424	0.124035455
2.0881305	1.990002
0.101748616	0.56120247
6.588878	0.797102
6.5027714	2.1600978
4.9531593	3.0946863
4.2705064	2.1354544
5.844736	2.188741
2.709425	0.74620247
0.2953692	0.5581688
6.4273257	2.1203916
3.7417374	0.16466407
2.719054	2.915694
5.1816063	0.091207124
0.17962235	0.4501898
2.9989786	2.374543
4.001604	1.7047882
4.5354185	1.4528376
0.04711423	1.0662851
6.6633577	0.10805664
3.8582008	0.81429464
3.3599448	1.7341486
3.7346218	1.3717635
0.80592644	0.04742222
0.6745301	1.3030875
2.2686448	0.46523705
5.007533	2.0716567
3.7030447	0.45390072
3.1732194	0.82554114
6.35758	0.77708817
6.1900516	2.581661
0.5471743	0.0028289796
3.7542956	2.7907565
4.8033333	0.94074005
3.69738	3.1034234
5.188791	0.22235222
6.1600633	0.18703747
0.6335531	1.5967242
2.416496	0.48016587
0.18002442	2.1316602
5.660504	1.8806988
1.2925055	0.6783905
3.566198	1.0620415
0.6722964	2.6151524
2.127569	1.563913
6.111885	2.4233608
0.295614	0.8262421
1.3143481	1.5095803
2.7515092	0.79192734
4.5975595	1.7579693
6.5213766	1.7125027
2.203695	1.1218461
4.1496363	0.51560956
6.3557763	2.330181
3.3571951	1.95027
4.1636972	2.335757
4.0276885	2.9809024
3.1077895	1.5570999
5.5555515	0.26943323
5.1500573	2.006661
3.5762324	2.6323955
5.179717	2.843808
3.659792	2.1021326
6.4347153	0.5835127
2.2193072	1.1238467
1.5048584	0.820892
5.6558623	2.1987932
5.7717323	1.6385521
6.579764	1.7041072
5.9385805	0.4386568
3.2164965	0.09715252
3.4189208	3.0253866
0.78554535	0.5125374
1.9612716	1.4466251
6.5466366	0.9986771
5.6705866	1.1269118
2.3133912	1.4836158
3.8327518	2.1775756
2.3674207	0.8223839
1.850921	0.6951149
1.6512387	2.4260747
3.3619285	2.6459708
2.1170568	0.1217186
2.9242036	0.725441
6.3578415	1.2075217
1.6683602	1.5612729
4.0004406	2.7657516
0.59711474	1.2490212
3.007905	0.84112513
2.6378028	1.7472531
5.4853754	0.6015936
5.420113	0.46668664
5.2332892	0.23657456
0.011678648	2.849038
2.6217735	3.1305451
1.7389569	1.4893239
3.8056157	1.8431443
4.4008245	0.300251
1.5512406	1.5461272
1.6041017	2.289742
3.4528568	1.1783211
2.776748	0.51324636
3.7779434	2.4977624
1.7148365	2.9118562
6.462272	2.301074
5.9690156	0.9460358
2.5876966	0.6595003
2.3566744	0.123612024
2.294309	1.2544779
6.1852937	0.49015886
5.430704	1.3988065
2.284637	1.1407006
4.2168546	2.7680173
1.370947	0.5143509
3.324416	1.95606
4.2117305	2.7887423
6.3664956	0.87553275
1.9379917	1.0895045
3.786474	1.1610316
1.1810399	2.5122373
2.4531999	2.3703885
2.018587	1.611029
0.87373143	0.22822972
4.631511	0.9792116
6.147108	1.5850699
6.7361555	2.6253567
6.1818557	2.9886441
5.611635	0.27110654
2.6208785	1.0480416
5.4375854	1.7579485
1.7510296	2.2310214
4.551884	1.5880892
1.9683119	1.5363247
2.792892	0.43079662
1.3267924	0.041451264
4.6758957	0.44058514
1.4797233	0.10787411
1.5440723	3.14803
1.1410644	1.3456496
3.112031	0.63845634
0.62681925	0.66346323
2.0728061	3.1188664
2.1069305	2.8739648
1.6610898	2.629878
5.694584	2.453408
5.657029	0.47777042
2.861758	2.4847474
4.7825913	0.4825903
5.8949585	2.9100883
6.6993027	0.35230944
5.8467507	1.797354
4.8811774	1.8408219
2.3068557	1.8528465
0.33529037	1.1198168
0.5770506	2.8016822
6.4063344	1.7318153
5.5093126	0.47747287
0.068552785	0.3846031
4.2350225	0.92675096
6.6227694	1.336504
4.109365	2.6081083
3.028242	1.4980797
5.7103567	0.9664759
1.3654177	0.37951413
6.513479	2.6550198
2.9091933	2.434778
0.01415794	0.27640745
1.8622025	1.8342959
5.0511475	2.987337
2.2292814	1.1278849
5.2101974	2.970824
5.789296	2.1798067
2.5315204	2.9954476
5.8268104	0.15852623
2.8350124	1.4652039
4.917795	0.2857998
2.0987086	1.3833903
2.9210944	2.1836648
6.0195684	2.824717
4.617337	3.144391
3.0486655	0.19720288
6.3722773	1.2781008
5.578706	1.3950083
3.501345	0.306209
3.6803083	1.7608007
2.201821	0.85668755
5.200604	0.50716496
2.6302185	1.0200485
4.8758235	0.05660076
6.373009	1.2335014
5.347024	3.0643892
2.1329348	1.915584
0.93984425	2.1537175
3.2811627	3.1653275
5.1661005	1.9335212
0.064157985	1.0093142
5.2744756	0.25218984
3.766195	3.1174521
5.822957	3.0801778
2.5831044	3.054541
2.126891	1.9773225
0.9355005	2.6803725
4.7694664	0.9019087
6.522042	2.1968093
1.5185019	2.1238446
1.2730654	0.95666486
0.6029468	2.629382
1.9064528	1.3368548
0.949459	0.7152235
2.4110868	2.4278712
0.7046549	1.3812488
4.595519	3.14374
4.969514	1.6090847
1.5532695	1.0018953
0.002397418	3.0739546
1.9307379	1.3014761
3.016037	2.9453244
6.6643662	0.8320202
1.3676449	1.703391
0.71211666	1.9130585
4.2422466	1.8991202
0.97841084	2.8892858
2.3360162	2.5309095
5.3655252	1.2264637
4.9934773	0.6666708
2.5284956	3.160589
2.631032	0.6218416
3.2214434	1.7877892
4.136577	1.5771242
2.6638157	0.9354969
2.7745476	1.0002915
2.5944595	1.5673287
6.407289	0.68977356
0.49512297	2.335384
5.8832936	2.7996
0.63454163	2.745018
3.5127347	2.4012308
3.0975878	2.6291306
5.379459	0.0034973144
2.515216	1.0822941
6.5109005	2.4529073
5.700488	1.7702522
3.9842873	2.0885897
1.0304549	1.1480474
1.3862576	1.6947607
3.606018	1.3809389
5.617143	2.694448
6.091195	1.9069687
1.5504566	2.026888
4.604903	0.09912529
5.288551	1.7631959
4.944063	1.7192129
6.619266	2.306173
4.394407	1.3953255
0.75420177	2.006113
6.5790186	0.8409344
6.2517085	2.8708231
5.554685	2.456599
4.3879566	0.47040233
3.349261	1.8558663
1.0846118	0.30124378
1.8023664	1.3256327
5.6353693	2.794886
0.09590321	2.5087478
2.6555574	1.9013437
5.115592	2.1735551
0.32529497	1.4590302
5.6515346	1.9520215
5.0794635	0.94997007
4.3126636	0.9757202
5.44564	3.1453116
5.490955	1.2578557
6.7288265	0.23780766
5.3668346	2.3503218
1.5303398	1.050578
2.3039937	0.18816395
1.0648938	2.3707023
2.9526596	0.11033173
3.1581645	1.5976642
5.784462	1.055925
2.876807	2.3859832
5.0447197	0.3698704
6.0299616	2.7141647
6.360941	1.4517263
3.9080334	2.194002
3.427424	0.8367506
1.4694713	1.8608788
3.9392428	2.6500864
1.3841529	0.42270717
4.7249885	0.0135560995
1.5838519	1.5080727
0.3830146	0.45072576
3.103346	0.20872593
4.623566	0.22024536
5.523584	0.17333184
6.6281114	0.050592422
6.310683	1.3440207
6.7329164	1.4418925
4.8974214	2.8503926
4.4079885	2.283066
0.549594	2.7528389
0.22286545	2.195803
5.2265897	2.0739763
2.9615214	0.40138912
2.6686494	2.939281
5.7702327	0.102869034
4.363431	2.7812705
6.401283	0.5240051
1.9590566	0.21144867
0.26474914	1.838652
6.4532256	0.94632435
0.039461136	2.1001015
5.4080434	0.35374984
1.9479254	0.8303057
5.6839232	1.6792558
1.500248	0.09428444
5.275559	1.7845732
3.1966856	1.456076
5.3470435	1.8977864
2.0916421	1.2299349
3.636492	0.7021591
1.6139897	2.994747
0.62401205	2.594252
0.46628547	0.1714245
3.9778776	1.2871293
0.25155663	0.3630127
5.6157184	2.5368571
5.2700663	1.165988
2.400313	1.4957514
0.26518646	2.9693956
0.4490974	0.5595665
5.4588704	0.40668258
4.445088	1.343651
0.49106985	0.20394574
3.623056	3.0106564
0.2580181	1.0184809
5.6532893	1.4452991
4.7318745	0.17358457
5.297064	2.0455654
0.54553115	1.7101761
3.8604062	0.1402338
5.354271	1.2835833
3.779274	0.065320015
3.7595537	0.17539807
3.3397279	1.002599
3.9249713	0.15628777
0.037024807	2.5174258
6.0618596	2.4666688
6.030101	2.4962046
6.0502243	1.3688271
6.0311065	0.6917427
5.6335416	2.6070442
0.018358588	2.0029433
3.1341174	2.5821722
0.86618495	1.2594942
2.835603	1.4445223
4.594027	2.6180186
4.03392	2.8245292
4.1533017	2.1191728
5.7363243	2.1950147
1.7536463	0.57106745
0.566091	1.1826849
1.7963637	2.2287426
3.1889086	0.26031017
0.8043498	1.8978837
2.1044693	2.7455385
1.2430761	0.9191565
3.4370599	1.5480794
2.1010668	0.25307503
4.1125517	1.1346846
5.0817666	1.6998285
3.332778	2.2615972
2.3490195	1.1196104
3.764656	2.3475373
2.9190822	1.982338
1.6698067	2.3674822
2.9129198	2.7368388
4.436162	2.5291061
1.7395431	2.664255
2.2677982	2.2903824
5.7965584	0.03418846
5.780898	2.2791643
4.826456	2.1306064
0.6864138	2.224153
5.391233	1.5233771
5.764158	1.7921698
1.2147139	0.74613327
2.0052066	0.9897062
0.93872595	2.8675902
4.582691	2.5179303
6.349509	0.7270977
5.9742804	1.4103335
3.7143257	1.5117098
6.678431	2.921625
0.141016	2.3970473
0.82235897	1.3159217
3.0076203	0.32330093
4.840592	0.71241874
2.533617	0.8465452
1.7030423	1.9281197
1.6635921	1.8596874
1.6911747	2.4005363
6.249234	2.5325181
6.5666556	0.11912861
4.843782	1.8420744
6.661799	2.8332794
3.117887	0.56848586
5.964258	0.6774147
6.377066	1.8832991
1.295172	2.0511072
3.974579	3.172572
3.5219955	1.2542744
1.1918613	0.6814171
3.9424064	3.1955087
0.08014064	0.35581264
6.168144	2.1057987
2.656328	0.9569567
1.8777726	2.491042
1.6146803	1.8489077
5.251814	0.68541604
1.0004103	1.5772971
0.9153772	0.5145184
3.9957993	2.0811841
3.0614324	2.7828114
1.3533249	2.577254
1.7876353	1.0549496
2.3897476	0.94116765
1.1327717	0.44564858
6.502365	1.5505797
1.233313	2.258497
6.012216	1.6637806
5.930407	0.36114866
5.4636564	1.5527054
5.143286	2.8432825
1.8564674	0.30480978
0.3931575	0.31519547
0.75277674	0.8206913
0.42507216	2.3595552
2.7400308	0.478916
0.053183366	0.18727417
4.452892	1.2819575
4.2725644	3.1613188
0.22720146	0.3530794
5.17006	0.08016491
0.6003589	3.1890085
0.66530603	1.3461659
5.463097	0.702998
4.3652954	0.023943901
0.24248455	0.08298073
1.3720134	2.8106792
6.2460413	1.9555858
4.1993837	1.2344687
2.5694084	1.2544727
0.49596927	1.1593875
4.3685584	1.7563416
5.802649	1.3471451
1.9818432	1.5357351
2.4752772	0.09588795
4.1732874	3.1159778
5.6527553	0.9874064
4.428666	0.22393417
2.2388735	0.5153807
2.9986217	3.0063343
0.48590538	0.47995016
3.2331219	2.200814
0.11957502	0.20846768
6.7299156	2.7912207
0.13540082	1.0394131
1.3236755	0.47971994
6.7383413	1.4767134
1.825602	2.693452
6.41036	0.025782777
4.4952917	0.4765629
3.5993035	0.2510767
5.753587	0.61497825
4.9590435	3.1884706
6.649214	0.66692984
0.77302647	0.2949524
1.951795	3.0426257
2.4053755	1.8636001
2.8940601	0.7571768
0.59583724	1.7641853
1.2177713	1.2875912
2.503885	3.0296834
6.738334	0.6629578
5.375962	0.38704738
6.4357386	0.32246324
1.4274333	1.3674879
1.7641933	0.6542727
0.8725905	1.0177885
5.3655443	1.1951617
1.9837428	0.21051903
4.9446115	0.591742
3.4018953	2.9080014
5.2464337	0.2148178
5.5508666	0.113169484
6.150813	1.044439
1.6243956	0.930661
2.0096152	2.8202362
0.028395725	2.9042115
6.3941307	2.4452386
1.5809811	1.5823317
6.347077	0.45721188
6.520334	0.73393005
5.95622	2.7052612
1.3702698	2.879649
5.9501595	0.9065928
4.7972026	1.7638291
0.38378835	2.474624
1.197885	2.8568199
0.3098745	1.9206113
0.22910035	2.788453
4.5588183	2.1023252
0.57862365	1.4615021
1.962004	0.34062654
4.4380593	1.4195073
5.9024744	1.713724
0.035365056	0.43705025
5.9634986	1.2850493
5.58719	0.10307274
2.830693	2.8896954
3.7139835	2.8697443
0.10274284	1.7118403
0.40575945	3.181344
2.6516895	1.9971675
0.3213955	0.470237
6.2747445	2.475606
5.1434617	0.05093937
6.580406	2.8863719
5.0942807	1.9490836
3.7933311	0.11493359
3.4538085	3.0104604
0.04216416	0.43576834
5.918893	2.4368422
0.16595767	1.6212353
5.3256836	2.8305993
4.7475805	0.29122066
3.8477778	0.98986
1.6227318	1.9559959
0.61376864	2.4207244
1.9430411	2.5116339
0.49710292	1.6134802
3.2697904	0.298946
1.0626626	1.206488
3.375822	2.8988845
6.5586877	0.5250353
0.32817188	1.3252996
5.176189	1.9736397
0.66018367	1.1554991
2.1237226	2.9696143
2.3228452	0.22583352
5.2524905	1.1738386
4.8905554	2.4791667
5.0905557	1.9922183
2.5025692	2.299195
4.1871843	2.2288978
6.120174	1.1687878
5.816804	1.9605395
5.5997787	0.56146336
6.0409703	0.81050396
0.70832175	2.0823946
0.3764583	2.1232316
4.280698	1.5336071
0.47472727	2.613095
2.336558	2.7529001
1.2955161	0.47915554
0.28941518	0.58310604
2.1742897	2.9781914
6.1041183	2.4332561
1.8650916	1.3237168
1.5556467	3.1116345
1.1187123	2.2691114
3.7349112	2.7082276
3.2688217	2.2290304
3.4144483	1.6963236
3.1899953	0.7356144
4.763322	1.5756167
2.0117986	1.1052784
1.7771462	0.80774826
3.1788604	1.3486573
4.8132715	2.265393
6.1011267	2.9812493
0.19627376	0.34340745
5.310337	3.1260552
5.34478	1.9308099
1.7036126	1.6326674
6.083308	1.3310937
1.9945197	2.0104806
5.914518	1.7112181
0.79397625	1.5775574
0.66653454	2.572169
3.2020442	0.20184402
6.0816145	0.53190535
1.0073663	1.6485026
3.0173593	2.910394
1.4704292	2.78674
0.38724726	1.1719185
3.5228488	0.7422871
5.0269294	2.2275794
4.266595	0.5482506
5.14631	2.996455
0.52993804	0.6380335
3.180917	1.1829532
0.66250855	3.1800413
0.5117132	2.1160228
5.868117	2.7655773
3.158849	3.128764
0.2250363	0.16929093
5.8066473	0.2002121
5.9796934	0.6964392
3.0753791	2.3502643
0.67773205	0.9536392
4.4673934	1.7395207
3.3792331	2.7203815
6.184408	3.1938455
2.061431	1.5979474
1.0990434	1.0143315
3.0181832	3.1611688
6.082985	1.962715
2.802154	0.57730067
5.5187445	1.9957358
2.4112124	1.8757628
0.8804256	0.07514
1.2889764	1.2933025
6.045862	0.8685425
0.39116946	2.27182
5.8391104	0.49589768
4.4711447	0.8913351
3.4957075	1.4324267
2.0724595	0.76898044
5.0469284	1.8672053
1.0028738	1.7870892
3.1432548	0.3028004
3.0280259	1.320056
2.1473649	2.881021
1.3959017	1.2512869
0.7455261	2.7986133
4.2230144	2.5988643
2.4317281	1.6502389
3.483998	0.24215089
1.7460982	2.8699138
2.898592	0.7520628
5.689043	1.1519202
5.860298	2.2157924
0.43244398	2.98363
4.162277	0.8029787
6.7126417	0.23132955
6.017437	1.8853205
5.6765895	2.5516489
2.3165338	1.2860444
3.0785048	0.97117347
4.5021296	0.04010086
6.361837	3.050906
4.7452703	2.2810752
2.5389192	2.2460587
3.8899634	1.9772091
4.6830587	0.45081064
4.478274	1.907258
5.116037	3.1978152
4.992823	0.6377606
4.8053474	0.12897168
3.1665041	0.9273335
2.9334316	1.1829542
1.2304981	2.381412
5.075564	1.7217991
2.9265575	2.203088
3.589765	2.8591545
3.1296718	2.6729667
5.703584	0.52219164
3.3505082	2.5338936
1.6571947	1.6932968
4.857629	1.5956267
0.9648349	2.1021435
3.327716	0.10065842
3.6781719	1.4891928
2.7546544	2.6460757
4.7229443	1.4037237
6.5880904	1.3281754
2.037779	0.3487753
5.1982484	0.30718613
0.03112023	3.0075135
3.8516839	2.469485
1.5047959	0.7961451
5.0139065	2.0347822
1.3431281	1.2532063
2.757382	1.2064869
6.263178	0.40949592
4.441372	1.3355054
1.8495024	2.152705
4.9438434	2.8516665
2.4966567	0.8215599
0.77189934	0.55346054
5.8518996	0.8016697
6.5687423	2.7264233
0.44268823	2.5648427
4.1911993	2.823943
5.298252	0.26110345
5.3777494	2.9821148
1.097983	0.9535446
1.694401	1.9931704
3.8236678	1.8461765
1.372574	2.5205536
6.436375	0.8096876
2.5834808	0.3435749
0.8767688	1.2251261
4.3778005	1.9613234
0.49080193	2.956589
4.414266	2.3048255
4.7584352	2.4966872
1.5691136	1.393897
1.1546748	0.6184555
4.929253	1.5713857
0.65968555	3.0801356
4.1009216	2.5431767
3.073948	3.1804914
1.4941285	0.7880293
4.0576925	1.0176518
4.3592687	2.1676881
2.1297	0.5795372
6.050006	0.40536937
3.9136903	0.3543354
1.6663138	1.6002966
6.1520586	0.3108879
5.000058	2.44807
2.0138102	2.0268302
4.4755526	1.5319309
1.059818	1.0525566
6.1683383	2.1790478
2.1036284	3.1571386
2.422341	3.0294287
4.986118	1.0238808
2.6002376	2.783584
0.7894935	0.4138363
2.4321833	0.16924267
6.7290516	1.8109883
1.5181749	0.43790188
6.314452	2.3685145
6.239612	2.5593686
0.25711185	0.30726987
5.8027296	1.4673815
4.063866	2.3409111
6.5334163	1.8124863
4.8028746	2.6326263
1.3386008	1.7402166
0.21557632	3.091811
1.9193214	0.32392502
1.8943534	0.41088542
4.846391	2.582936
4.921738	2.6884208
3.3791595	1.4986916
4.1019616	2.4004068
2.2153704	0.54484123
2.1942046	2.9325545
6.505912	1.8624249
2.5200455	1.9885224
0.059001207	1.4790385
3.6626298	2.3075821
2.5069463	2.481766
0.6554537	2.6760783
2.0341678	2.2483613
0.38418674	0.46572646
4.3931184	1.0102549
4.261641	0.9939753
2.3966634	0.70511496
3.706106	2.0429146
4.1093225	2.8664942
5.3353024	0.1092268
1.5096669	1.2341875
2.0169704	1.6540148
3.212464	2.941943
0.78356296	0.09367695
6.3785424	2.2897096
3.4699857	0.88691807
5.6657076	2.6263268
3.7732573	0.8441519
4.1544647	0.7960569
5.0212116	2.3795438
3.5932572	2.42928
1.6898478	2.5584362
1.5310034	1.2246293
3.7979925	0.82947826
1.8278009	2.467458
4.5620556	1.2870934
0.05193744	2.598448
0.6976053	2.851579
1.1831658	2.7769794
4.549274	2.1967788
1.755212	2.6172552
4.6134043	2.564498
1.5975868	2.0016928
0.24237958	1.9963095
2.0971	2.9364111
2.3954952	1.6527108
5.018423	1.6983747
5.094538	2.8923898
5.7322574	2.5735166
0.17526686	2.616255
0.13700667	2.2906022
0.47714457	0.6575083
1.0695127	1.8573121
1.6178312	1.1860119
3.6327307	2.3936594
1.8470418	2.9081562
0.37986493	1.6740284
4.413735	0.047986984
0.6483571	2.6234689
6.1146736	0.5071287
0.0023110867	0.00698967
6.2810326	2.6856735
2.3939178	0.09316178
0.71885216	1.5193131
5.4747562	2.3058949
3.521099	2.5152028
6.6644797	1.3915205
5.342332	0.96597445
4.411413	0.46282825
4.7563214	1.7536169
5.6574254	0.72816336
6.4433947	3.13819
2.85472	2.712675
6.675065	3.0262191
1.987802	2.120954
0.032173634	2.0456984
3.0489714	1.6162426
0.21908915	2.584582
2.6256719	1.1917524
2.986449	1.2930586
3.3144631	1.4250134
0.27084622	1.9724263
5.2172947	0.92724556
4.080173	0.4906397
2.7451336	3.1670792
3.1328564	2.642193
3.9023652	2.252218
1.5889986	2.4235835
2.8092892	0.9344347
0.3386342	2.590778
1.9024054	2.853254
4.840588	1.2175118
5.8021636	0.09242916
0.59438944	2.7484987
0.63082534	1.1814841
5.59351	3.0553727
2.8806865	0.27280274
5.123003	1.6210095
1.0630322	0.15361062
2.8570395	1.2154421
3.7050004	1.0523577
4.5665393	2.3494918
5.4053755	1.5610815
1.3051925	1.1161312
6.71787	2.1599422
5.10082	0.9200806
2.1146007	3.1878965
1.991847	3.0688627
1.4123087	2.8950446
3.9253592	1.3191036
2.6448693	1.728159
4.2398076	1.3559154
5.969353	0.38192636
5.414214	2.596347
6.7373066	0.9851139
0.5552003	0.8657541
6.5920825	0.92384225
0.5480717	1.6641744
5.0174136	0.92403376
1.4095882	1.2339894
2.3186023	0.26252708
3.795177	2.2259576
1.1285837	1.3419415
1.735719	0.4537386
1.4658674	0.18874493
5.3684373	0.09290256
6.2053485	2.2077816
5.998832	2.0347812
0.7378442	1.090331
4.7583466	1.9139769
5.7778645	0.31728172
2.1339667	2.4065273
5.0256686	0.26477358
1.2260964	1.6092684
2.7995524	1.5973641
0.48072833	1.1754446
1.434084	1.3640159
2.9385448	1.7627366
6.0026894	0.5855965
0.5004848	1.6632162
1.8875936	0.3797737
3.4364445	1.8959347
1.4121271	1.7007977
1.526985	2.4675171
5.6013956	2.1182973
6.149629	2.7099116
6.5852375	0.51153165
2.4799001	1.0029366
5.346309	2.154129
3.9075978	2.248125
3.5965304	2.4998593
5.761812	1.8951844
4.193553	0.3930319
0.44121733	0.09882355
6.7483273	1.4083302
5.662679	1.117355
0.29435796	0.81488705
1.1310208	0.020977784
3.6642187	2.7488325
5.511834	0.07264252
2.2310572	0.90799123
5.929853	2.5434709
6.2099648	1.2425356
5.346082	1.2435251
2.970415	1.3468001
0.47236958	0.75287646
2.1868591	1.4507922
0.2034794	0.5430651
3.656628	1.2057956
6.6811724	2.6507852
5.155486	1.4474839
1.9058882	0.31959248
0.20052993	0.84277976
0.08911991	2.9272573
5.6731763	2.4739287
5.5594277	1.881669
5.8532186	2.3255143
2.0196311	2.9626138
3.4663732	3.1080837
5.980446	2.225849
1.6964264	0.71626645
6.7015405	3.1353924
5.009496	0.5704102
3.2456586	1.9653834
0.23861626	1.8694273
6.742364	2.8799303
6.244792	1.5793867
5.3686166	0.67363894
5.4749236	1.2380112
4.7435694	3.0026515
1.753046	1.4602851
6.520678	1.57162
4.250695	0.7254545
6.213725	0.33176976
3.5729215	2.2014468
2.0431733	0.10462017
4.5625343	2.0597732
1.320166	0.040737152
3.4670799	1.442923
4.338479	1.6686445
2.1373792	1.1077458
3.2170825	1.9513928
2.9461374	0.5729675
4.9812126	1.7628711
1.6493069	1.1874306
5.8976912	2.9883997
6.186884	3.1984947
3.656799	2.36005
0.06537717	3.177937
2.7404304	1.1221726
4.1191077	2.8462403
2.2131505	0.10235405
0.055974748	1.6660055
2.5538814	1.003127
4.205729	1.2419913
3.8022416	2.6458318
1.5617616	1.90957
0.17236888	2.455713
5.003868	2.305869
5.191856	0.29222736
2.2784722	0.8391035
1.5139855	2.4663098
1.0698341	2.4922826
3.6438136	0.9625641
3.4024396	2.6581752
6.085029	2.46469
6.558938	2.0937872
1.8834895	1.182511
1.4738799	1.8452656
6.7996154	0.7643868
4.171399	1.0187145
1.2264571	0.46517697
4.961589	1.0995201
6.480497	0.19292012
6.708534	1.9430605
3.4816103	0.8926018
0.5518678	1.4137372
3.7168803	0.4084631
0.6287704	2.8277452
1.61612	1.4128376
5.3361187	1.9985209
3.877299	0.36515734
2.2309575	1.9829816
4.1461096	2.9851425
0.03568971	1.6221472
3.6103694	0.85490745
2.2428062	2.15212
2.807943	2.2214293
5.059216	1.671318
0.71351784	1.219114
5.6552	0.67795146
1.2685369	1.9877394
6.356797	1.278606
1.4095364	2.589424
4.2184978	0.3050873
6.049119	2.7451355
3.717045	0.6030161
5.8430905	1.5822096
4.3048463	3.1626518
1.0653818	1.4250349
5.1471334	0.19071236
2.394058	1.6371027
3.240913	2.1621506
3.427984	0.94962424
0.082650736	1.4835879
3.8018646	1.7555468
1.1283251	2.6360047
4.0008707	3.1236296
2.1931734	2.3839784
4.304722	0.26094493
4.594522	2.9328618
6.0809093	0.53933257
3.0811462	3.1244428
5.019962	2.3676126
6.6545763	0.6764235
0.24083939	0.15235539
5.2157655	1.9321663
6.2264104	1.6113662
4.114974	1.0851529
1.2685543	3.101355
2.4002302	1.5181574
4.4570217	2.9602063
2.7131975	1.9408499
0.23925745	0.16040193
4.939843	3.062041
1.769744	1.6891747
0.4623754	0.4847065
0.27303937	0.7284319
5.660106	0.503874
4.236881	2.8690953
2.2581275	2.710083
4.858944	1.0757942
2.018069	2.1950345
4.1779375	2.384528
6.5051475	0.8118658
0.76760584	1.8835402
5.956865	0.10085831
5.958255	1.3618959
4.9339356	3.1428962
4.7280593	1.92672
5.672468	1.1883261
3.0854478	2.9543648
3.1035094	1.7185835
1.810325	2.468585
3.6933885	1.7727253
2.457985	1.1956824
3.3237731	0.30144158
5.0339203	1.1482114
6.4181213	0.23783684
5.954959	1.7008129
4.681666	2.1879091
0.51341426	0.45969373
4.3118443	0.28482684
0.50340635	1.3568194
6.1180534	3.0104463
5.6557126	2.7366757
1.7329718	2.9056365
6.119275	2.0130765
6.4777474	2.9585168
3.1397297	2.8716114
3.6418247	3.0173044
5.590409	0.74552554
5.342922	1.6126966
4.237651	0.21477966
5.6378183	2.5342653
6.654691	1.7352965
6.6605735	1.476771
3.4779902	0.21369553
1.4782034	3.196305
3.723749	0.16765995
0.08758095	2.4833097
3.1041603	1.9691842
2.0505464	0.110470966
6.612384	0.022888947
5.8023014	1.6388314
5.448304	2.8000174
4.1027617	0.7058628
3.9561694	0.39623642
0.46952552	1.1652972
2.6186342	2.32363
0.6786671	2.0408578
0.63440543	2.2498617
3.4960196	0.58529705
5.389552	0.47605935
5.3636546	1.7429419
3.1629045	1.2651646
5.2767587	2.388915
6.0873365	1.9098781
2.3142254	1.5019509
3.880834	1.1296043
0.0073503256	2.01089
0.78019404	2.5245175
5.626774	2.9781463
1.428115	1.1577173
2.8260477	0.8373055
1.8100028	2.4989965
1.695136	2.227175
0.29463884	2.6116574
5.749123	0.65167755
5.444063	1.712704
0.41307735	1.8845924
0.91982794	0.25222453
5.476282	0.52092457
5.1787176	1.4555031
1.3970163	0.3932457
6.3308344	2.7169566
1.8681817	1.8123333
5.392704	1.6440518
1.4359367	2.0974457
4.4299397	2.0874944
0.735996	1.0232614
0.6266081	2.1768587
5.1195703	1.0684766
1.9764736	1.474054
0.93339	2.9959376
1.9558266	0.9762209
4.852577	2.666621
4.255846	2.4104588
2.804119	1.2803463
5.7279406	0.08081055
1.2315952	2.4854984
6.188051	0.11881695
4.8138933	3.0988169
4.9514284	1.6683062
0.04366341	2.4651477
1.4002568	3.0685492
2.4830167	1.9565455
