21	9	942	1	

33	21	-2153	2	

56	43	-1651	0	

67	56	1092	1	

80	67	-2253	2	

209	197	1022	1	

244	232	-1581	0	

256	244	962	1	

268	256	-2103	2	

292	280	-1561	0	

303	292	932	1	

315	303	-2143	2	

351	339	992	1	

363	351	-2093	2	

386	375	-1581	0	

434	421	-1741	0	

445	434	1092	1	

492	480	972	1	

551	540	-2123	2	

587	575	962	1	

622	610	-1581	0	

634	622	952	1	

646	634	-2153	2	

669	658	-1561	0	

681	669	932	1	

693	681	-2073	2	

729	717	992	1	

765	753	-1551	0	

777	765	962	1	

788	777	-2163	2	

836	823	-2223	2	

906	894	-1331	0	

965	953	962	1	

1000	988	-1561	0	

1047	1036	-1621	0	

1071	1059	-2113	2	

1095	1083	-1561	0	

1107	1095	962	1	

1142	1129	-1611	0	

1190	1177	-1761	0	

1200	1190	982	1	

1259	1248	-2113	2	

1354	1343	-2123	2	

1378	1366	-1591	0	

1390	1378	962	1	

1449	1437	-2093	2	

1520	1507	-1561	0	

1569	1558	-1521	0	

1578	1569	952	1	

1590	1578	-2123	2	

1614	1602	-1591	0	

1626	1614	992	1	

1638	1626	-2113	2	

1661	1649	-1591	0	

1673	1661	962	1	

1685	1673	-2103	2	

1709	1697	-1381	0	

1720	1709	982	1	

1732	1720	-2153	2	

1756	1744	-1381	0	

1803	1791	-1331	0	

1815	1803	942	1	

1827	1815	-2133	2	

1850	1839	-1551	0	

1861	1850	1132	1	

1898	1885	-1681	0	

1908	1898	992	1	

1920	1908	-2133	2	

1991	1979	-1591	0	

2015	2003	-2123	2	

2039	2027	-1561	0	

2050	2039	942	1	

2086	2074	-1391	0	

2098	2086	962	1	

2110	2098	-2113	2	

2133	2121	-1561	0	

2145	2133	992	1	

2157	2145	-2143	2	

2180	2169	-1581	0	

2191	2180	1152	1	

2204	2191	-2343	2	

2228	2215	-1701	0	

2240	2228	962	1	

2274	2262	-1561	0	

2286	2274	912	1	

2298	2286	-2093	2	

2322	2310	-1391	0	

2333	2322	912	1	

2345	2333	-2093	2	

2369	2357	-1531	0	

2381	2369	972	1	

2393	2381	-2153	2	

2416	2404	-1381	0	

2428	2416	972	1	

2440	2428	-2123	2	

2463	2452	-1561	0	

2475	2463	1002	1	

2487	2475	-2153	2	

2511	2499	-1571	0	

2521	2511	1172	1	

2534	2521	-2373	2	

2558	2545	-1741	0	

2569	2558	1212	1	

2582	2569	-2353	2	

2604	2592	-1501	0	

2616	2604	802	1	

2628	2616	-2043	2	

2663	2652	922	1	

2699	2687	-1581	0	

2710	2699	962	1	

2722	2710	-2133	2	

2769	2746	-1273	1	

2805	2781	-502	0	

2816	2805	-2083	2	

2931	2920	-1581	0	

2955	2944	-2133	2	

2979	2966	-2081	0	

3001	2989	-2153	2	

3037	3013	-502	0	

3049	3037	-1963	2	

3096	3084	-3523	2	

3120	3108	-1561	0	

3131	3120	2012	1	

3143	3131	-2163	2	

3191	3179	-2133	2	

3214	3202	-1561	0	

3238	3226	-2143	2	

34	10	-1463	1	

58	46	-1761	0	

83	58	-1453	1	

176	152	-1463	1	

199	187	-1761	0	

246	234	-1741	0	

270	246	-1473	1	

293	282	-1521	0	

317	293	-1503	1	

341	329	-1771	0	

364	341	-1453	1	

388	376	-1801	0	

458	424	-3043	0	

529	517	-1761	0	

553	529	-1433	1	

624	612	-1761	0	

671	659	-1701	0	

766	754	-1821	0	

837	813	-1453	1	

883	859	-1473	1	

906	895	-1771	0	

1001	989	-1721	0	

1025	1001	-1513	1	

1096	1084	-1571	0	

1119	1096	-1473	1	

1213	1189	-1463	1	

1236	1224	-1711	0	

1284	1272	-1771	0	

1307	1284	-1423	1	

1331	1319	-1761	0	

1378	1366	-1711	0	

1402	1378	-1453	1	

1425	1413	-1761	0	

1449	1425	-1463	1	

1542	1519	-1403	1	

1566	1554	-1761	0	

1590	1566	-1483	1	

1613	1601	-1741	0	

1637	1613	-1423	1	

1661	1649	-1711	0	

1708	1696	-1761	0	

1779	1755	-1473	1	

1849	1837	-1751	0	

1872	1849	-1473	1	

1943	1931	-1731	0	

1967	1943	-1593	1	

1990	1979	-4821	0	

2014	1990	1463	1	

2038	2026	-4811	0	

2061	2038	1443	1	

2085	2073	-4771	0	

2156	2133	1443	1	

2250	2226	1463	1	

2273	2262	-4841	0	

2344	2321	1543	1	

2368	2356	-4771	0	

2392	2368	1453	1	

2416	2404	-4801	0	

2439	2416	1413	1	

2463	2451	-4761	0	

2510	2499	-4821	0	

2534	2510	1433	1	

2558	2546	-4821	0	

2580	2558	1433	1	

2651	2640	-4771	0	

2699	2687	-4811	0	

2722	2699	1453	1	

2746	2734	-4831	0	

2770	2746	1423	1	

2793	2781	-4811	0	

2817	2793	1433	1	

2840	2829	-1821	0	

2888	2876	-4751	0	

2911	2888	1423	1	

3005	2981	1393	1	

3028	3017	-4811	0	

3076	3064	-4771	0	

3099	3076	1453	1	

3123	3111	-4781	0	

3170	3158	-4751	0	

3194	3170	1423	1	

3218	3206	-4801	0	

3288	3265	1423	1	

3335	3311	1433	1	

3382	3358	1413	1	

3453	3441	-4791	0	

3476	3453	1423	1	

3500	3488	-4811	0	

3524	3500	1413	1	

3547	3534	-4781	0	

3571	3547	1433	1	

3593	3583	-4821	0	

3664	3641	1433	1	

3688	3676	-4791	0	

3712	3688	1463	1	

3735	3723	-4771	0	

3759	3735	1413	1	

3783	3771	-4811	0	

3830	3818	-4781	0	

3854	3830	1373	1	

3901	3877	1423	1	

3972	3959	-4781	0	

3994	3972	1423	1	

4018	4006	-4761	0	

4065	4053	-4771	0	

4089	4065	1413	1	

4112	4101	-4791	0	

4136	4112	1383	1	

4160	4148	-4821	0	

4207	4195	-4811	0	

4229	4207	1423	1	

4300	4288	-4761	0	

4324	4300	1403	1	

4348	4336	-4801	0	

4395	4383	-4791	0	

4418	4395	1403	1	

4442	4430	-4811	0	

4466	4442	1453	1	

4489	4478	-4821	0	

4513	4489	1433	1	

4537	4525	-4791	0	

4607	4584	1413	1	

4630	4618	-4801	0	

4677	4666	-4781	0	

4701	4677	-943	1	

4725	4713	-4771	0	

4772	4760	-4821	0	

4795	4772	1443	1	

4819	4807	-4761	0	

4843	4819	1403	1	

4890	4866	1413	1	

4960	4948	-4811	0	

18	6	-2772	1	

4983	4960	1473	1	

29	18	-463	2	

5007	4995	-4751	0	

65	53	-2712	1	

77	65	-503	2	

5031	5007	1413	1	

5054	5042	-4791	0	

100	88	6621	0	

112	100	-2842	1	

5078	5054	1453	1	

5102	5090	-4791	0	

5149	5137	-4801	0	

5172	5149	1453	1	

21	10	-2842	1	

69	57	-2782	1	

81	69	1293	2	

104	92	7951	0	

116	104	-2802	1	

128	116	1283	2	

162	150	-2822	1	

209	198	-2852	1	

221	209	1423	2	

292	280	3241	0	

304	292	-2852	1	

315	304	-483	2	

339	327	3211	0	

386	374	9501	0	

398	386	-2892	1	

410	398	1303	2	

434	422	8651	0	

481	468	-4631	0	

493	481	1972	1	

504	493	-243	2	

551	539	-783	2	

599	587	-7303	2	

622	610	-2451	0	

670	658	-1891	0	

682	670	1102	1	

693	682	-2373	2	

717	705	-1921	0	

741	729	-2373	2	

764	752	-1931	0	

811	800	-1951	0	

917	905	1192	1	

929	917	-2363	2	

952	941	-1961	0	

964	952	1202	1	

976	964	-2363	2	

1012	1000	1142	1	

1023	1012	-2383	2	

1047	1035	-1981	0	

1059	1047	1152	1	

1070	1059	-2323	2	

1094	1082	-1991	0	

1106	1094	1192	1	

1118	1106	-2393	2	

1199	1187	1132	1	

1246	1235	1212	1	

1258	1246	-2363	2	

1282	1270	-1961	0	

1294	1282	1182	1	

1341	1329	1182	1	

1377	1365	-1901	0	

1389	1377	1162	1	

1400	1389	-2383	2	

1424	1412	-1951	0	

1436	1424	1142	1	

1448	1436	-2333	2	

1529	1518	1202	1	

1541	1529	-2383	2	

1577	1565	1192	1	

1624	1612	1132	1	

1637	1624	-2333	2	

1671	1660	1172	1	

1683	1671	-2393	2	

1707	1695	-1961	0	

1719	1707	1142	1	

1731	1719	-2363	2	

1754	1742	-1931	0	

1766	1754	1192	1	

23	12	2172	1	

59	47	-1981	0	

106	94	-1961	0	

130	118	-5843	2	

153	142	-1731	0	

165	153	2182	1	

177	165	-2323	2	

224	211	-2333	2	

305	294	1132	1	

317	305	-2343	2	

341	329	-1911	0	

353	341	1132	1	

364	353	-2333	2	

388	376	-2011	0	

410	400	-1405270	2	

435	423	-1971	0	

447	435	1222	1	

459	447	-2393	2	

587	576	1162	1	

599	587	-2363	2	

623	611	-1961	0	

634	623	1182	1	

646	634	-2393	2	

670	658	-1961	0	

682	670	1162	1	

693	682	-2403	2	

717	705	-1971	0	

729	717	1192	1	

858	846	-1961	0	

869	858	1132	1	

881	869	-2343	2	

905	893	-1961	0	

917	905	1132	1	

929	917	-2363	2	

952	941	-1961	0	

976	964	-2393	2	

999	988	-1991	0	

1011	999	1222	1	

1023	1011	-2393	2	

1059	1047	1182	1	

1095	1083	-1961	0	

1106	1095	1182	1	

1119	1106	-2353	2	

1212	1201	-2463	2	

1248	1224	-692	0	

1259	1248	-2303	2	

1283	1271	-10421	0	

1295	1283	1212	1	

1307	1295	-2393	2	

1330	1318	-1961	0	

1342	1330	1162	1	

1354	1342	-2353	2	

1401	1389	-2383	2	

1425	1413	-1901	0	

1437	1425	1162	1	

1449	1437	-2343	2	

1483	1471	1212	1	

1496	1483	-2383	2	

1518	1506	-1961	0	

1530	1518	1162	1	

1542	1530	-2333	2	

1566	1554	-1961	0	

1577	1566	1162	1	

1589	1577	-2333	2	

1624	1613	1132	1	

1636	1624	-2333	2	

1672	1660	1122	1	

1683	1672	-2323	2	

1731	1719	-2383	2	

1765	1753	1322	1	

1777	1765	-2433	2	

1800	1789	-1991	0	

1812	1800	1212	1	

1824	1812	-2373	2	

1871	1859	-2403	2	

1906	1895	1162	1	

1942	1930	-1961	0	

1954	1942	1142	1	

1966	1954	-2333	2	

1989	1977	-1981	0	

2001	1989	1172	1	

2013	2001	-2333	2	

2035	2025	-1951	0	

2059	2047	-2353	2	

2095	2083	1192	1	

2106	2095	-2403	2	

2154	2142	-2323	2	

2189	2178	1142	1	

2201	2189	-2393	2	

2226	2213	-1981	0	

2236	2226	1172	1	

2248	2236	-2323	2	

2272	2260	-1961	0	

2283	2272	1162	1	

2295	2283	-2383	2	

2319	2307	-1981	0	

2331	2319	1222	1	

2342	2331	-2363	2	

2365	2353	-2011	0	

2377	2365	1252	1	

2388	2377	-2413	2	

2471	2459	1182	1	

2483	2471	-2363	2	

2506	2494	-1951	0	

2518	2506	1162	1	

2530	2518	-2343	2	

2577	2565	-2343	2	

2599	2589	-2021	0	

2611	2599	1282	1	

2624	2611	-2383	2	

2646	2635	-2041	0	

2658	2646	1182	1	

2670	2658	-2383	2	

2694	2682	-1921	0	

2705	2694	1142	1	

2717	2705	-2333	2	

2741	2729	-1911	0	

2752	2741	1162	1	

2764	2752	-2393	2	

2788	2776	-1961	0	

2799	2788	1162	1	

2811	2799	-2393	2	

2881	2869	-2001	0	

2893	2881	1672	1	

2906	2893	-2873	2	

2928	2916	-1971	0	

2940	2928	1192	1	

2952	2940	-2343	2	

2975	2964	-1931	0	

2987	2975	1182	1	

2999	2987	-2363	2	

3023	3011	-1961	0	

3034	3023	1192	1	

3046	3034	-2383	2	

3070	3058	-1931	0	

3081	3070	1192	1	

3093	3081	-2393	2	

3129	3117	1192	1	

3139	3129	-2183	2	

3163	3151	-1961	0	

3175	3163	1052	1	

3222	3210	1222	1	

3234	3222	-2433	2	

3269	3257	1162	1	

3281	3269	-2383	2	

3305	3293	-1971	0	

3316	3305	1162	1	

3352	3340	-1911	0	

3364	3352	1132	1	

3375	3364	-2373	2	

3399	3387	-1971	0	

3411	3399	1142	1	

3423	3411	-2313	2	

3446	3433	-2051	0	

3457	3446	1212	1	

3469	3457	-2093	2	

3492	3480	-1961	0	

3504	3492	1182	1	

3516	3504	-2333	2	

3539	3528	-1941	0	

3551	3539	1162	1	

3563	3551	-2393	2	

3610	3598	-2393	2	

3634	3622	-1951	0	

3645	3634	1212	1	

3657	3645	-2383	2	

3691	3681	1212	1	

3728	3715	-1751	0	

3738	3728	1182	1	

3797	3786	-2373	2	

3821	3809	-1961	0	

3845	3833	-2333	2	

3868	3856	-1961	0	

3880	3868	1192	1	

3892	3880	-2393	2	

3916	3905	-2001	0	

3928	3916	1222	1	

3940	3928	-2403	2	

3975	3963	1182	1	

3987	3975	-2393	2	

4010	3999	-1921	0	

4021	4010	1182	1	

4069	4057	1292	1	

4116	4104	1162	1	

4128	4116	-2393	2	

4151	4140	-1941	0	

4163	4151	1192	1	

4175	4163	-2343	2	

4198	4187	-1971	0	

4210	4198	1182	1	

4269	4258	-2363	2	

4293	4281	-1961	0	

4305	4293	1162	1	

4340	4329	-1991	0	

4410	4398	-2403	2	

4434	4422	-1961	0	

4446	4434	1212	1	

4493	4481	1192	1	

4504	4493	-2403	2	

4528	4516	-1711	0	

4540	4528	1142	1	

4575	4563	-1911	0	

4587	4575	1142	1	

4599	4587	-2333	2	

4633	4621	1132	1	

4645	4633	-2133	2	

4668	4657	-2361	0	

4680	4668	1172	1	

4692	4680	-2333	2	

4716	4704	-1961	0	

4728	4716	1182	1	

4739	4728	-2413	2	

4763	4751	-1731	0	

4775	4763	1162	1	

4787	4775	-2333	2	

4822	4810	1172	1	

4834	4822	-2333	2	

4869	4857	1202	1	

4881	4869	-2383	2	

4915	4904	1532	1	

4928	4915	-2673	2	

4950	4939	-2071	0	

4962	4950	1222	1	

4974	4962	-2393	2	

4997	4986	-2001	0	

5009	4997	1172	1	

5021	5009	-2333	2	

5045	5033	-1961	0	

5056	5045	1172	1	

5068	5056	-2333	2	

5092	5080	-1951	0	

5103	5092	1152	1	

5115	5103	-2393	2	

5149	5139	1192	1	

5162	5149	-2363	2	

5186	5173	-1851	0	

5197	5186	1202	1	

5208	5197	-2323	2	

5255	5245	-2543	2	

5279	5267	-1991	0	

5291	5279	1222	1	

5303	5291	-2383	2	

5326	5315	-1941	0	

5338	5326	1172	1	

5374	5362	-1951	0	

5385	5374	1192	1	

5397	5385	-2383	2	

5421	5409	-1911	0	

5433	5421	1142	1	

5445	5433	-2343	2	

5468	5457	-1931	0	

5480	5468	1132	1	

5492	5480	-2353	2	

5516	5503	-2041	0	

5527	5516	1412	1	

5538	5527	-2573	2	

5562	5550	-1921	0	

5574	5562	1192	1	

5585	5574	-2383	2	

5609	5597	-1961	0	

5621	5609	1192	1	

5633	5621	-2383	2	

5656	5644	-1951	0	

5668	5656	1152	1	

5703	5692	-1931	0	

5715	5703	1162	1	

5727	5715	-2333	2	

5761	5750	1382	1	

5774	5761	-2603	2	

5808	5798	1172	1	

5820	5808	-2343	2	

5855	5844	1132	1	

5867	5855	-2333	2	

5938	5926	-1721	0	

5950	5938	1172	1	

5962	5950	-2383	2	

5985	5973	-1971	0	

6032	6020	-1961	0	

6078	6068	-1961	0	

6090	6078	1162	1	

6102	6090	-2413	2	

6126	6114	-1911	0	

6137	6126	1152	1	

6149	6137	-2333	2	

6173	6161	-1971	0	

6184	6173	1192	1	

6196	6184	-2393	2	

6220	6208	-1961	0	

6232	6220	1172	1	

6243	6232	-2363	2	

6336	6325	-2453	2	

6372	6360	1212	1	

6384	6372	-2383	2	

6407	6396	-1941	0	

6420	6407	1202	1	

6468	6456	1192	1	

6479	6468	-2423	2	

6516	6504	1222	1	

6529	6516	-2393	2	

6576	6564	-1951	0	

6588	6576	1212	1	

6600	6588	-2333	2	

6635	6623	1172	1	

6671	6659	-1991	0	

6694	6683	-2333	2	

6718	6706	-1961	0	

6730	6718	1192	1	

6742	6730	-2393	2	

6765	6753	-1961	0	

6777	6765	1162	1	

6789	6777	-2383	2	

6812	6799	-2051	0	

6858	6846	-1961	0	

6870	6858	1162	1	

6882	6870	-2323	2	

6929	6917	-2333	2	

6953	6941	-1971	0	

6964	6953	1192	1	

6976	6964	-2333	2	

7000	6988	-1971	0	

7011	7000	1132	1	

7023	7011	-2333	2	

7047	7035	-1931	0	

7059	7047	1122	1	

7070	7059	-2313	2	

7094	7081	-2461	0	

7116	7105	478983	1	

7140	7128	-1951	0	

7152	7140	1212	1	

7164	7152	-2343	2	

7199	7187	1162	1	

7211	7199	-2363	2	

7259	7246	-2363	2	

7294	7282	1212	1	

7306	7294	-2333	2	

7329	7318	-1941	0	

7341	7329	1172	1	

7353	7341	-2343	2	

7376	7365	-1931	0	

7387	7376	1252	1	

7400	7387	-2463	2	

7424	7411	-10611	0	

7434	7424	1202	1	

7446	7434	-2383	2	

7470	7458	-1911	0	

7493	7482	-2413	2	

7517	7505	-1971	0	

7529	7517	1162	1	

7576	7552	-712	0	

7611	7599	-1961	0	

7623	7611	1222	1	

7635	7623	-2353	2	

7658	7647	-1981	0	

7670	7658	1152	1	

7682	7670	-2323	2	

7706	7693	-2071	0	

7716	7706	1192	1	

7728	7716	-2293	2	

7752	7740	-1961	0	

7764	7752	1182	1	

7775	7764	-2363	2	

7799	7787	-1961	0	

7811	7799	1152	1	

7822	7811	-2313	2	

7846	7834	-1911	0	

7870	7858	-2383	2	

7893	7881	-1951	0	

7905	7893	1212	1	

7917	7905	-2383	2	

7940	7927	-2681	0	

7951	7940	1652	1	

7964	7951	-2853	2	

7988	7976	-1901	0	

7998	7988	1182	1	

8010	7998	-2383	2	

8034	8022	-1921	0	

8045	8034	1142	1	

8057	8045	-2383	2	

8092	8081	1222	1	

8104	8092	-2393	2	

8128	8116	-1961	0	

8140	8128	1182	1	

8151	8140	-2403	2	

8175	8163	-1961	0	

8187	8175	1162	1	

8198	8187	-2363	2	

8222	8210	-1911	0	

8233	8222	10662	1	

8246	8233	-11843	2	

8268	8256	-1921	0	

8280	8268	1162	1	

8292	8280	-2343	2	

8315	8303	-2011	0	

8327	8315	1222	1	

8339	8327	-2333	2	

8362	8350	-1951	0	

8374	8362	1212	1	

8386	8374	-2393	2	

8410	8398	-2011	0	

8422	8410	1212	1	

8433	8422	-2363	2	

8457	8445	-2021	0	

8469	8457	1182	1	

8481	8469	-2393	2	

8504	8491	-10381	0	

8550	8538	-1911	0	

8562	8550	1122	1	

8574	8562	-2323	2	

8597	8586	-1761	0	

8609	8597	1172	1	

8621	8609	-2403	2	

8645	8633	-1961	0	

8656	8645	1152	1	

8668	8656	-2333	2	

8704	8692	1222	1	

8715	8704	-2423	2	

8739	8727	-1921	0	

8751	8739	1162	1	

8763	8751	-2333	2	

8787	8775	-1911	0	

8797	8787	11032	1	

8810	8797	-12263	2	

8834	8821	-2151	0	

8856	8844	-2343	2	

8880	8868	-1911	0	

8891	8880	1182	1	

8903	8891	-2393	2	

8927	8915	-1961	0	

8939	8927	1152	1	

8950	8939	-2363	2	

8974	8962	-1961	0	

8986	8974	1102	1	

8998	8986	-2333	2	

9021	9010	-1991	0	

9033	9021	1182	1	

9045	9033	-2383	2	

9069	9057	-1961	0	

9081	9069	1162	1	

9092	9081	-2313	2	

9116	9103	-2481	0	

9162	9150	-1961	0	

9174	9162	1192	1	

9186	9174	-2333	2	

9209	9197	-1961	0	

9221	9209	1232	1	

9233	9221	-2383	2	

9256	9244	-1781	0	

9268	9256	1162	1	

9280	9268	-2333	2	

9303	9292	-1941	0	

9315	9303	1172	1	

9327	9315	-2393	2	

9374	9361	-10913	2	

9398	9385	-9611	0	

9409	9398	1672	1	

9422	9409	-2793	2	

9444	9432	-1961	0	

9456	9444	1162	1	

9468	9456	-2333	2	

9491	9480	-1991	0	

9503	9491	1192	1	

9515	9503	-2343	2	

9538	9527	-1931	0	

9550	9538	1132	1	

9562	9550	-2343	2	

9586	9574	-1961	0	

9598	9586	1212	1	

9609	9598	-2373	2	

9633	9621	-1941	0	

9656	9645	-2343	2	

9680	9668	-1961	0	

9692	9680	1182	1	

9726	9714	-1961	0	

9738	9726	1212	1	

9749	9738	-2423	2	

9773	9761	-1911	0	

9785	9773	1172	1	

9797	9785	-2393	2	

9820	9808	-1961	0	

9832	9820	1152	1	

9844	9832	-2343	2	

9914	9903	-1931	0	

9926	9914	1212	1	

9938	9926	-2393	2	

9962	9950	-1951	0	

9972	9962	1232	1	

9984	9972	-2393	2	

10008	9996	-1681	0	

10020	10008	1122	1	

10031	10020	-2313	2	

10055	10043	-1961	0	

10067	10055	1182	1	

10079	10067	-2383	2	

10102	10090	-1951	0	

10114	10102	1212	1	

10126	10114	-2383	2	

10149	10138	-1961	0	

10161	10149	1162	1	

10196	10185	-1931	0	

10244	10232	-1971	0	

10254	10244	1172	1	

10266	10254	-2293	2	

10290	10278	-1991	0	

10302	10290	1222	1	

10314	10302	-2443	2	

10349	10337	1172	1	

10361	10349	-2353	2	

10385	10373	-1961	0	

10396	10385	1162	1	

10408	10396	-2383	2	

10432	10420	-1991	0	

10443	10432	1192	1	

10479	10467	-1961	0	

10491	10479	1212	1	

10502	10491	-2393	2	

10526	10513	-10491	0	

10538	10526	1162	1	

10550	10538	-2323	2	

10574	10561	-9951	0	

10584	10574	1152	1	

10596	10584	-2383	2	

10620	10608	-1971	0	

10632	10620	1212	1	

10643	10632	-2323	2	

10690	10679	-2363	2	

10714	10702	-1981	0	

10726	10714	1162	1	

10737	10726	-2373	2	

10761	10749	-1971	0	

10773	10761	1202	1	

10785	10773	-2393	2	

10820	10808	1152	1	

10832	10820	-2333	2	

10854	10842	-1771	0	

10866	10854	1162	1	

10878	10866	-2343	2	

10901	10889	-1951	0	

10913	10901	1152	1	

10925	10913	-2363	2	

10972	10960	-2343	2	

10995	10984	-1981	0	

11007	10995	1222	1	

11019	11007	-2333	2	

11042	11031	-1991	0	

11054	11042	1172	1	

11066	11054	-2333	2	

11090	11078	-1911	0	

11100	11090	1212	1	

11112	11100	-2383	2	

11136	11124	-1961	0	

11147	11136	1152	1	

11159	11147	-2383	2	

11206	11195	-2353	2	

11230	11218	-1961	0	

11242	11230	1172	1	

11253	11242	-2373	2	

11277	11265	-1971	0	

11300	11289	-2363	2	

11324	11312	-1941	0	

11348	11336	-2343	2	

11370	11358	-1921	0	

11382	11370	1202	1	

11394	11382	-2433	2	

11429	11417	1142	1	

11441	11429	-2253	2	

11476	11452	-642	0	

11488	11476	-2373	2	

46	35	2301	0	

58	46	-2602	1	

70	58	1353	2	

106	94	-2222	1	

117	106	-833	2	

141	129	2071	0	

153	141	-2322	1	

164	153	-433	2	

187	175	-2571	0	

234	222	2401	0	

246	234	-2612	1	

258	246	1813	2	

281	269	2011	0	

293	281	-5752	1	

305	293	4943	2	

328	316	2081	0	

340	328	-5782	1	

352	340	4903	2	

375	364	2041	0	

387	375	-5772	1	

399	387	4953	2	

482	469	-17832	1	

492	482	8663	2	

563	551	2071	0	

575	563	-2162	1	

587	575	1263	2	

634	620	402883	1	

762	750	-1262	1	

774	762	103	2	

798	786	-1661	0	

809	798	-1282	1	

821	809	113	2	

845	833	-1661	0	

855	845	26492	1	

868	855	-27693	2	

892	880	-1611	0	

904	892	-1302	1	

915	904	133	2	

939	927	-1651	0	

963	951	113	2	

985	973	-1221	0	

1056	1044	43	2	

1081	1068	-1671	0	

1176	1164	-1671	0	

1194	1188	-1186150	2	

1200	1194	1183853	0	

1235	1222	435332	0	

1247	1235	153	2	

1282	1270	-1292	1	

1294	1282	133	2	

1318	1306	-1651	0	

1330	1318	-1302	1	

1342	1330	103	2	

1365	1353	-1711	0	

1412	1401	-1641	0	

1482	1470	113	2	

1506	1494	-1641	0	

1517	1506	-1302	1	

1529	1517	113	2	

1564	1553	-1262	1	

1576	1564	93	2	

1600	1588	-1651	0	

1612	1600	-1242	1	

1647	1635	-1611	0	

1659	1647	-1342	1	

1670	1659	133	2	

1740	1729	-2101	0	

1752	1740	982	1	

1764	1752	-3533	2	

1788	1776	-1461	0	

1799	1788	-1272	1	

1811	1799	73	2	

1835	1823	-1671	0	

1847	1835	-1292	1	

1858	1847	123	2	

1882	1870	-1681	0	

1894	1882	-1312	1	

1905	1894	123	2	

1987	1975	632	1	

2000	1995	314333	2	

2034	2022	922	1	

2046	2034	-2123	2	

2069	2057	-1601	0	

2081	2069	-1292	1	

2093	2081	93	2	

2116	2105	-1631	0	

2128	2116	-1292	1	

2140	2128	103	2	

2163	2152	-1691	0	

2175	2163	-1292	1	

2187	2175	93	2	

2192	2187	-1174411	3	

2210	2199	-1641	0	

2304	2292	-1461	0	

2315	2304	-1282	1	

2327	2315	153	2	

2351	2339	-1661	0	

2362	2351	-1322	1	

2374	2362	103	2	

2398	2386	-1661	0	

2410	2398	-1262	1	

2421	2410	123	2	

2457	2445	-1292	1	

2727	2715	-1601	0	

2737	2727	9542	1	

2750	2737	-10793	2	

2773	2761	-951	0	

2784	2773	-9382	1	

2796	2784	03	2	

2820	2808	-1661	0	

2832	2820	-1242	1	

2843	2832	123	2	

2867	2855	-1671	0	

2879	2867	-1292	1	

2890	2879	63	2	

2914	2902	-1651	0	

2926	2914	-1302	1	

2937	2926	123	2	

2961	2949	-1611	0	

2973	2961	-1302	1	

3066	3059	665042	0	

3078	3066	33	2	

3148	3137	-1681	0	

3160	3148	-1242	1	

3172	3160	93	2	

3207	3195	-1292	1	

3219	3207	93	2	

3241	3231	7821	0	

3300	3289	-11752	1	

3312	3300	93	2	

3336	3324	-1461	0	

3347	3336	-1272	1	

3359	3347	163	2	

3395	3383	-1302	1	

3406	3395	63	2	

3430	3418	-1671	0	

3442	3430	-1292	1	

3453	3442	133	2	

3477	3465	-1601	0	

3489	3477	-1342	1	

3501	3489	143	2	

3570	3558	-1661	0	

3580	3570	-884410	1	

3582	3580	883282	0	

3594	3582	63	2	

3617	3605	-1611	0	

3676	3664	-1282	1	

3688	3676	103	2	

3711	3700	-1441	0	

3723	3711	-1242	1	

3735	3723	53	2	

3759	3747	-1661	0	

3805	3793	8501	0	

3852	3840	-1661	0	

3863	3852	-1252	1	

3875	3863	113	2	

3899	3887	-1651	0	

3911	3899	-1312	1	

3922	3911	73	2	

4017	4003	422503	1	

4039	4028	7501	0	

4051	4039	882	1	

4058	4051	-772331	2	

4086	4074	-1691	0	

4110	4098	63	2	

4133	4122	-1631	0	

4157	4145	103	2	

4180	4169	-1631	0	

4192	4180	-1282	1	

4204	4192	93	2	

4227	4216	-1431	0	

4239	4227	-1272	1	

4251	4239	113	2	

4274	4263	-1631	0	

4322	4309	-11171	0	

4332	4322	892	1	

4344	4332	-2123	2	

4368	4356	-1651	0	

4379	4368	-1252	1	

4415	4403	-1661	0	

4426	4415	-1302	1	

4438	4426	103	2	

4462	4450	-1721	0	

4474	4462	-1242	1	

4485	4474	63	2	

4509	4497	-1601	0	

4532	4521	113	2	

4602	4590	-1681	0	

4614	4602	1072	1	

4649	4637	-1611	0	

4661	4649	-1292	1	

4674	4661	93	2	

4755	4743	-1322	1	

4814	4802	93	2	

4884	4872	-1651	0	

4907	4895	93	2	

4931	4919	-2601	0	

4954	4942	133	2	

5001	4989	103	2	

5025	5013	-2601	0	

5048	5037	123	2	

5118	5106	-1701	0	

5130	5118	-1192	1	

5142	5130	53	2	

5189	5177	103	2	

5212	5201	-1641	0	

5224	5212	-1302	1	

5236	5224	113	2	

5259	5248	-1661	0	

5271	5259	-1272	1	

5283	5271	103	2	

5306	5295	-1641	0	

5318	5306	-1302	1	

5330	5318	103	2	

5364	5354	-1172	1	

5400	5388	-1621	0	

5411	5400	-1272	1	

5423	5411	53	2	

5447	5435	-1661	0	

5458	5447	-1322	1	

5470	5458	163	2	

5495	5482	-1641	0	

5507	5495	-1292	1	

5518	5507	123	2	

5542	5530	-1661	0	

5554	5542	-1292	1	

5566	5554	163	2	

5589	5577	-1671	0	

5613	5601	103	2	

5636	5624	-1661	0	

5648	5636	-1322	1	

5660	5648	163	2	

5682	5670	-1711	0	

5694	5682	982	1	

5706	5694	-2083	2	

5730	5718	-1641	0	

5741	5730	-1282	1	

5753	5741	93	2	

5776	5765	-1461	0	

5788	5776	-1292	1	

5800	5788	63	2	

5824	5812	-1601	0	

5835	5824	-1352	1	

5847	5835	163	2	

5871	5859	-1651	0	

5928	5918	-1182	1	

5940	5928	03	2	

5964	5952	-1661	0	

5976	5964	-1182	1	

5987	5976	23	2	

6011	5999	-1661	0	

6023	6011	-1332	1	

6034	6023	123	2	

6058	6046	-1661	0	

6070	6058	-1302	1	

6081	6070	113	2	

6105	6093	-1661	0	

6152	6141	-1681	0	

6164	6152	-1282	1	

6176	6164	93	2	

6210	6200	962	1	

6222	6210	-2103	2	

6246	6234	-1711	0	

6257	6246	-1272	1	

6269	6257	93	2	

6293	6281	-1711	0	

6316	6310	216383	2	

6340	6328	-1601	0	

6352	6340	-1322	1	

6363	6352	133	2	

6387	6375	-1661	0	

6399	6387	-1292	1	

6410	6399	113	2	

6480	6468	-1621	0	

6492	6480	-1202	1	

6504	6492	-33	2	

6527	6515	-1661	0	

6551	6539	153	2	

6574	6562	-1611	0	

6586	6574	-1302	1	

6598	6586	103	2	

6621	6610	-1631	0	

6633	6621	-1292	1	

6645	6633	123	2	

6668	6657	-1691	0	

6680	6668	-1292	1	

6692	6680	103	2	

6716	6704	-1681	0	

6738	6726	-2103	2	

6762	6750	-1711	0	

6774	6762	-1152	1	

6785	6774	-13	2	

6821	6809	-1292	1	

6832	6821	63	2	

6856	6844	-1671	0	

6868	6856	-1292	1	

6879	6868	73	2	

6903	6891	-1661	0	

6915	6903	-1232	1	

6927	6915	103	2	

6950	6937	-11061	0	

6962	6950	-1302	1	

6974	6962	43	2	

7008	6984	-2792	0	

7020	7008	53	2	

7055	7043	-1272	1	

7067	7055	123	2	

7090	7079	-1631	0	

7102	7090	-1292	1	

7114	7102	93	2	

7137	7126	-1631	0	

7149	7137	-1302	1	

7161	7149	153	2	

7185	7173	-1671	0	

7196	7185	-1292	1	

7208	7196	93	2	

7243	7232	10162	1	

7256	7243	-11343	2	

7278	7266	-1621	0	

7290	7278	932	1	

7302	7290	-2113	2	

7325	7313	-1441	0	

7337	7325	-1292	1	

7349	7337	93	2	

61	50	1112	1	

109	98	1122	1	

120	109	-2423	2	

168	156	-2413	2	

203	192	1162	1	

215	203	-2423	2	

239	227	-1951	0	

251	239	1172	1	

262	251	-2403	2	

286	274	-1871	0	

298	286	1112	1	

310	298	-2403	2	

333	321	-1921	0	

357	345	-2413	2	

404	392	-2403	2	

498	486	-2413	2	

546	534	-2453	2	

593	581	-2403	2	

617	605	-1901	0	

628	617	12	1	

664	652	-1931	0	

687	676	-2393	2	

711	699	-1871	0	

736	723	-2413	2	

760	748	-1931	0	

783	771	-2373	2	

807	795	-1951	0	

912	902	1152	1	

960	948	1132	1	

1018	1007	-2393	2	

1066	1054	-2373	2	

1089	1077	-1911	0	

1101	1089	1102	1	

1113	1101	-2403	2	

1137	1125	-1921	0	

1301	1289	-2393	2	

1349	1337	-2373	2	

1372	1361	-1891	0	

1384	1372	1102	1	

1396	1384	-2403	2	

1420	1408	-1921	0	

1431	1420	62	1	

1490	1479	-2433	2	

1538	1526	-2403	2	

1562	1549	-1881	0	

1679	1667	-2403	2	

1714	1703	1152	1	

1726	1714	-2393	2	

23	11	-132	1	

62	47	-331	0	

74	62	-132	1	

86	74	-503	2	

110	98	-391	0	

122	110	-122	1	

134	122	-513	2	

169	157	-122	1	

181	169	-563	2	

217	205	-62	1	

263	252	-72	1	

322	310	-523	2	

369	358	-523	2	

405	393	-122	1	

417	405	-573	2	

452	441	-122	1	

464	452	-513	2	

488	476	-361	0	

500	488	-112	1	

511	500	-493	2	

547	535	-132	1	

558	547	-523	2	

582	569	-391	0	

594	582	-82	1	

640	628	-122	1	

652	640	-573	2	

687	676	-102	1	

699	687	-513	2	

735	723	-72	1	

747	735	-543	2	

782	770	-132	1	

794	782	-513	2	

829	818	-122	1	

841	829	-513	2	

865	853	-351	0	

877	865	-122	1	

889	877	-513	2	

936	924	-563	2	

984	970	-503	2	

1030	1018	-563	2	

1066	1054	-72	1	

1077	1066	-523	2	

1113	1101	-122	1	

1125	1113	-543	2	

1160	1148	-122	1	

1172	1160	-513	2	

1208	1196	-112	1	

1219	1208	-523	2	

1243	1231	-391	0	

1255	1243	-122	1	

1267	1255	-483	2	

1290	1278	-371	0	

1302	1290	-62	1	

1338	1326	-331	0	

1348	1338	-102	1	

1360	1348	-533	2	

1396	1384	-62	1	

1443	1432	-132	1	

1491	1479	-122	1	

1550	1538	-523	2	

1597	1586	-533	2	

1633	1621	-72	1	

1645	1633	-533	2	

1668	1656	-341	0	

1680	1668	-92	1	

1692	1680	-573	2	

1739	1726	-513	2	

1774	1762	-122	1	

1785	1774	-503	2	

1809	1797	-341	0	

1821	1809	-122	1	

