1.2325
1.2325
1.2325
1.2325
1.2254167
1.2254167
1.2254167
1.2254167
1.19
1.19
1.2325
1.2325
1.2325
1.2325
1.2325
1.2395834
1.2395834
1.2325
1.2325
1.2325
1.2325
1.2325
1.2395834
1.2395834
1.2325
1.2325
1.2325
1.2325
1.2254167
1.2254167
1.1829166
1.1829166
1.2254167
1.2325
1.2325
1.2325
1.2395834
1.2395834
1.2395834
1.2395834
1.2395834
1.2395834
1.2325
1.2325
1.19
1.19
1.2325
1.2325
1.2395834
1.2395834
1.2325
1.2325
1.2325
1.2325
1.1970834
1.1970834
1.2325
1.2325
1.2325
1.2325
1.2325
1.2325
1.2325
1.2325
1.2325
1.2325
1.2395834
1.2679167
1.2254167
1.2254167
1.2254167
1.2254167
1.2254167
1.2254167
1.2254167
1.2325
1.2325
1.2325
1.2325
1.19
1.19
1.19
1.1970834
1.1970834
1.2325
1.2325
1.2325
1.2325
1.2325
1.2254167
1.2254167
1.19
1.19
1.2325
1.2325
1.2325
1.2325
1.2254167
1.2254167
1.2254167
1.2254167
1.2254167
1.2325
1.2325
1.19
1.19
1.2325
1.2325
1.2325
1.2325
1.2254167
1.2254167
1.2325
1.2325
1.2325
1.2325
1.2325
1.2325
1.2325
1.2325
1.1970834
1.2325
1.2325
1.2325
1.2325
1.2325
1.2325
1.2254167
1.2254167
1.19
1.19
1.2325
1.2325
1.2325
1.2325
1.2254167
1.2325
1.2325
1.2325
1.2325
1.2325
1.1970834
1.2325
1.2325
1.2325
1.2325
1.2254167
1.2254167
1.2254167
1.2254167
1.2325
1.2325
1.1970834
1.1970834
1.2325
1.2325
1.2325
1.2325
1.2395834
1.2395834
1.2395834
1.2395834
1.2395834
1.2395834
1.2325
1.1970834
1.1970834
1.2325
1.2325
1.2325
1.2325
1.2325
1.2325
1.2325
1.2254167
1.1829166
1.2254167
1.2325
1.2325
1.2325
1.2325
1.2325
1.2254167
1.2254167
1.19
1.2325
1.2325
1.2395834
1.2395834
1.2325
1.2254167
1.2254167
1.2254167
1.2254167
1.19
1.19
1.19
1.19
1.1970834
